1587739168.500038 0.000000238 0.000000060 0.000007629 -0.000000000 -0.000000000 0.000000000 1.000000000
1587739168.600048 0.000092248 0.000057754 -0.000151646 0.000008400 0.000000519 -0.000013740 1.000000000
1587739168.700045 -0.000029660 -0.000028045 -0.000052438 -0.000001031 -0.000003850 -0.000045451 1.000000000
1587739168.800041 -0.000036942 0.000251053 -0.000099191 -0.000023716 0.000036227 -0.000039792 0.999999940
1587739168.900037 -0.000158259 0.000112650 -0.000085070 -0.000024106 0.000040934 -0.000053999 0.999999940
1587739169.000047 0.000025207 0.000277828 0.000062534 -0.000008794 0.000031551 -0.000056485 0.999999940
1587739169.100043 -0.000149955 0.000505033 -0.000125884 -0.000003187 0.000015405 -0.000014720 1.000000000
1587739169.200039 -0.000159950 0.000473149 -0.000159112 -0.000010341 0.000019973 -0.000054777 1.000000000
1587739169.300035 -0.000175783 0.000431133 -0.000381027 -0.000006562 0.000020158 -0.000077875 1.000000000
1587739169.400046 -0.000111593 0.000770448 0.000062940 -0.000006806 0.000037178 0.000011222 1.000000000
1587739169.500042 0.000052037 0.000714794 0.000033369 -0.000015582 0.000048005 0.000016262 1.000000000
1587739169.600038 0.000096509 0.000690464 0.000225922 0.000088817 0.000087577 -0.000119333 0.999999940
1587739169.700048 -0.000095111 0.001003788 0.003139538 0.000013289 0.000098236 -0.000058361 1.000000000
1587739169.800044 -0.000246856 0.000847120 0.003866144 0.000145685 0.000234040 -0.000192705 0.999999940
1587739169.900040 0.000053236 0.000419467 0.004413046 0.000039209 0.000205567 -0.000118648 1.000000000
1587739170.000037 -0.000039285 0.000941297 0.007784253 0.000179188 0.000342981 -0.000105222 0.999999940
1587739170.100047 0.000723205 0.001023846 0.009162163 0.000171800 0.000336025 -0.000077603 0.999999940
1587739170.200043 -0.000065996 0.002060192 0.012924368 0.000247030 0.000449103 -0.000164258 0.999999881
1587739170.300039 0.000641289 0.000588093 0.012985033 0.000300975 0.000428609 -0.000014066 0.999999940
1587739170.400035 0.000939290 0.000085564 0.015592527 0.000275068 0.000485831 -0.000119739 0.999999881
1587739170.500045 0.001335468 0.000380491 0.016898332 0.000387081 0.000520337 -0.000018217 0.999999821
1587739170.600041 -0.000163512 0.000528059 0.017864939 0.000440391 0.000726855 -0.000059956 0.999999642
1587739170.700037 -0.000598462 0.001419414 0.020125758 0.000544571 0.000759051 -0.000169420 0.999999583
1587739170.800048 -0.000582477 0.001560560 0.022181526 0.000615529 0.000722087 -0.000105017 0.999999583
1587739171.000040 -0.000545184 0.000330161 0.024785385 0.000700421 0.000734063 -0.000247464 0.999999464
1587739171.100036 -0.000230870 -0.000839816 0.025503615 0.000644635 0.000722181 -0.000335215 0.999999464
1587739171.200046 -0.000107255 -0.000765659 0.027406171 0.000674553 0.000711247 -0.000268719 0.999999464
1587739171.300042 -0.000946497 0.000236619 0.029935542 0.000732098 0.000650324 -0.000375045 0.999999464
1587739171.500048 -0.001736088 -0.002975512 0.060108688 0.007890558 0.001580945 -0.000908003 0.999967277
1587739171.600044 0.001706535 -0.000490732 0.126861796 -0.000719847 -0.001838245 0.001010398 0.999997556
1587739171.700040 0.005099362 0.000468694 0.186427817 -0.002828676 0.002089561 0.002275706 0.999991357
1587739171.800036 0.003376677 0.001421619 0.221858501 0.000931543 0.001154483 0.000711364 0.999998927
1587739171.900046 0.001077013 0.000575883 0.254427046 0.002639903 0.000289006 -0.000423654 0.999996483
1587739172.000042 0.002812693 0.001196805 0.298276812 0.003611889 0.000504071 0.000459361 0.999993324
1587739172.200049 0.007223652 0.002928431 0.394156694 0.003444858 -0.000465495 0.002883258 0.999989867
1587739172.300045 0.009229460 0.003703667 0.432283312 0.004485105 0.000240397 0.003313322 0.999984384
1587739172.400041 0.009143446 0.004020430 0.473167181 0.005785831 0.000005919 0.002732944 0.999979496
1587739172.500037 0.009154406 0.004632316 0.519897759 0.004574257 0.000117109 0.002456309 0.999986649
1587739172.600047 0.011202978 0.004214587 0.565555394 0.004932972 0.000479453 0.003248471 0.999982536
1587739172.700043 0.013084889 0.004445211 0.609284818 0.006287034 0.003189232 0.002836547 0.999971211
1587739172.900036 0.018179487 0.004976613 0.712324798 0.005150639 0.025853239 0.003123351 0.999647677
1587739173.000046 0.020358399 0.006476716 0.761832237 0.007747200 0.053759165 0.000703218 0.998523712
1587739173.100042 0.033164218 0.007999750 0.818870902 0.006135638 0.081423230 0.000411332 0.996660709
1587739173.300048 0.058717012 0.008411675 0.925308943 0.007594055 0.134875387 -0.001951493 0.990831733
1587739173.400044 0.076327339 0.009035505 0.975067973 0.007166390 0.158278406 -0.002627835 0.987365186
1587739173.500041 0.096632242 0.009561430 1.024283767 0.005673253 0.180254027 -0.002693867 0.983600318
1587739173.600037 0.114932626 0.010037997 1.068939805 0.005666432 0.199950829 -0.003174861 0.979784727
1587739173.800043 0.171283066 0.011728118 1.171868682 0.003368859 0.238728151 -0.002800109 0.971076846
1587739173.900039 0.192132890 0.012921046 1.212006092 0.004611846 0.258195192 -0.004248710 0.966072679
1587739174.000035 0.224905819 0.014005355 1.258229494 0.003962353 0.278516263 -0.003738029 0.960416019
1587739174.300038 0.321182370 0.018089041 1.387196541 0.002799864 0.335639119 -0.006461120 0.941964328
1587739174.400048 0.355299950 0.018018646 1.419396400 0.001501751 0.355438560 -0.006915851 0.934672832
1587739174.600040 0.417312622 0.021298882 1.490134239 0.001835742 0.379245698 -0.009601804 0.925244510
1587739174.700036 0.445234120 0.020073708 1.514831662 0.001128327 0.384697795 -0.009412132 0.922994018
1587739174.900042 0.494965732 0.016826782 1.561079860 0.000146262 0.386086971 -0.010269817 0.922405362
1587739175.000038 0.520511866 0.015882324 1.582295418 -0.000013819 0.386252671 -0.009779363 0.922341287
1587739175.100048 0.575550735 0.020923797 1.645763159 0.000225920 0.387681305 -0.009685500 0.921742797
1587739175.300041 0.626791477 0.017651185 1.686864138 0.000943208 0.390046835 -0.009182521 0.920749009
1587739175.400037 0.662846506 0.017737426 1.723137975 0.000687304 0.394058704 -0.010064049 0.919030309
1587739175.600043 0.738440454 0.020386107 1.796900511 0.001038884 0.401683837 -0.009926616 0.915724218
1587739175.700039 0.763643324 0.018818857 1.816697359 0.001785734 0.405551761 -0.010976923 0.914004683
1587739175.900045 0.840424895 0.018324621 1.881192446 0.001732646 0.414082378 -0.009979852 0.910183370
1587739176.000041 0.865765214 0.016712055 1.899059296 0.003082881 0.417896092 -0.011830558 0.908412933
1587739176.100038 0.906858921 0.020579729 1.940266848 0.004804995 0.421163768 -0.011818447 0.906894863
1587739176.300044 0.977786779 0.021238614 1.997916102 0.005157662 0.429283857 -0.012196722 0.903072834
1587739176.400040 1.006397843 0.020054076 2.016839027 0.005959120 0.432828873 -0.013063334 0.901361942
1587739176.600046 1.061705112 0.017271493 2.052285671 0.006057682 0.440652966 -0.016158098 0.897511899
1587739176.700042 1.113106370 0.022276852 2.107792854 0.006919026 0.444335610 -0.016713798 0.895677805
1587739176.900048 1.174573898 0.016100653 2.140274048 0.006243575 0.451612741 -0.015459640 0.892058313
1587739177.000045 1.204626083 0.012679126 2.156431198 0.005786574 0.455832094 -0.015722329 0.889908195
1587739177.100041 1.259445071 0.019762754 2.213567019 0.004891543 0.459649682 -0.016351851 0.887936354
1587739177.200037 1.290891647 0.017070740 2.227896214 0.005228747 0.463911057 -0.015399558 0.885732532
1587739177.400043 1.370751381 0.017041322 2.280276060 0.005084101 0.473224223 -0.013534608 0.880823433
1587739177.500039 1.403565407 0.013667788 2.295115232 0.005516627 0.477471769 -0.013066998 0.878532767
1587739177.600035 1.451816916 0.019599002 2.332311392 0.005824205 0.481926650 -0.012792617 0.876098990
1587739177.800041 1.532491207 0.020575292 2.381589890 0.003386191 0.491798431 -0.012212209 0.870617330
1587739177.900038 1.566542864 0.019453954 2.400482655 0.003637149 0.495972931 -0.012715166 0.868237734
1587739178.000048 1.608611465 0.020546541 2.424229622 0.002902942 0.500912607 -0.012493880 0.865403354
1587739178.200040 1.695504427 0.022775743 2.470673084 0.001353038 0.509917736 -0.010921232 0.860153019
1587739178.300036 1.733330965 0.021944627 2.489459038 0.000196525 0.513889670 -0.010275343 0.857795000
1587739178.400046 1.780033350 0.025252230 2.514210701 -0.001089604 0.518668652 -0.009963692 0.854916930
1587739178.600038 1.856314898 0.022806268 2.548091412 -0.001357883 0.526897609 -0.008424711 0.849886298
1587739178.700048 1.905802250 0.025586817 2.571807861 -0.002015166 0.531341136 -0.007323118 0.847124338
1587739178.800045 1.944612741 0.025826052 2.588092566 -0.002493871 0.535966873 -0.006912196 0.844207466
1587739179.000037 2.031205654 0.029117070 2.629049063 -0.004612036 0.545244575 -0.007544545 0.838231027
1587739179.100047 2.070853472 0.028734693 2.642728806 -0.004175161 0.549278080 -0.006668324 0.835603178
1587739179.200043 2.112617016 0.029280642 2.656846762 -0.004959978 0.554049015 -0.005473706 0.832451940
1587739179.400035 2.200017214 0.032923914 2.694946051 -0.005731138 0.562927663 -0.006510036 0.826461911
1587739179.500045 2.241040230 0.032806996 2.708864450 -0.005926421 0.566798151 -0.006280034 0.823812723
1587739179.600041 2.281137705 0.033031501 2.720948696 -0.005293705 0.571130157 -0.006191323 0.820820510
1587739179.800048 2.373706102 0.035983246 2.751357079 -0.003913961 0.587899268 -0.007024171 0.808894634
1587739179.900044 2.423725843 0.035969041 2.762160063 -0.003601581 0.606875002 -0.007654268 0.794752717
1587739180.000040 2.479326725 0.036232755 2.770581722 -0.005535293 0.622991860 -0.003944661 0.782199264
1587739180.200046 2.500443459 0.037841994 2.785767078 -0.004612550 0.617069364 -0.008949917 0.786844909
1587739180.300042 2.505313635 0.037753664 2.786879539 -0.004231886 0.619979382 -0.009347635 0.784551680
1587739180.500048 2.501518011 0.037230849 2.785650969 -0.003925935 0.619054973 -0.009589571 0.785279930
1587739180.600044 2.495961428 0.036972597 2.784142733 -0.005290490 0.620424330 -0.008237248 0.784205973
1587739180.700040 2.474531889 0.036257677 2.779664040 -0.005026164 0.620016336 -0.008503636 0.784527361
1587739180.900047 2.411478043 0.028724471 2.763839483 -0.005916878 0.620036304 -0.007677133 0.784513712
1587739181.000043 2.361130953 0.027094010 2.753715277 -0.005529624 0.617551208 -0.008330083 0.786467552
1587739181.100039 2.317160130 0.029165316 2.744278908 -0.006706138 0.619481862 -0.008451698 0.784937322
1587739181.300045 2.221874714 0.024839109 2.719949484 -0.005692205 0.618493199 -0.007232861 0.785737872
1587739181.400041 2.175809383 0.026350943 2.709628582 -0.006147057 0.618837476 -0.007568473 0.785460114
1587739181.600047 2.087470293 0.024860404 2.683764935 -0.007586085 0.622941434 -0.006447603 0.782207012
1587739181.700043 2.027090788 0.021149956 2.679258823 -0.003352281 0.638764381 -0.010787848 0.769320250
1587739181.900036 1.961084604 0.019964183 2.665251255 -0.005253285 0.681976140 -0.012729544 0.731245875
1587739182.000046 1.927564979 0.014845748 2.661801100 -0.007020892 0.710064352 -0.009894402 0.704032719
1587739182.100042 1.891485095 0.013770051 2.661204576 -0.005042847 0.731671870 -0.013458236 0.681506395
1587739182.300048 1.832706213 0.013648571 2.656705618 -0.004204377 0.776687026 -0.014114114 0.629716039
1587739182.400044 1.780295372 0.008524597 2.662987709 -0.003096635 0.793980300 -0.013695271 0.607783556
1587739182.600037 1.697947264 0.007444711 2.683373928 -0.002308769 0.823192537 -0.018900704 0.567445874
1587739182.700047 1.660565257 0.007986347 2.694366217 -0.001293902 0.836687267 -0.015143519 0.547474086
1587739182.900039 1.570685387 0.002987295 2.721298933 0.000140682 0.862425447 -0.017340504 0.505889952
1587739183.000035 1.535606265 0.004430719 2.745718002 0.000902020 0.873228312 -0.021221170 0.486849189
1587739183.100045 1.505299807 0.005453487 2.761217833 0.000546904 0.884689212 -0.020050300 0.465750724
1587739183.300038 1.444287419 0.003976682 2.799421549 0.000303594 0.905394197 -0.020939728 0.424055994
1587739183.400048 1.415457487 0.003339961 2.816871166 0.001509620 0.914808154 -0.018868692 0.403446048
1587739183.600040 1.354936838 0.004796464 2.863365650 0.001968828 0.932811439 -0.017607827 0.359930307
1587739183.700036 1.333294153 0.004091118 2.895627022 0.000988443 0.940435171 -0.021428254 0.339297414
1587739183.800046 1.314553499 0.004312757 2.907505989 0.002472440 0.948746264 -0.017905694 0.315522254
1587739184.000038 1.276339531 0.004997253 2.948635578 -0.000825949 0.967021942 -0.023862157 0.253572673
1587739184.300041 1.271217108 0.004692219 2.931681633 0.001666971 0.974982798 -0.022384211 0.221144661
1587739184.400037 1.268475533 0.003150143 2.925731182 0.002853118 0.976412177 -0.019139973 0.215046942
1587739184.600043 1.266252160 0.002013840 2.928389549 0.002864639 0.978142798 -0.019261820 0.207021400
1587739184.700039 1.276729107 0.005046085 2.924078465 0.002038592 0.978799939 -0.024741443 0.203310341
1587739184.800035 1.275018811 0.002473369 2.903370619 0.004140089 0.980856299 -0.023994563 0.193206429
1587739184.900046 1.282898426 -0.002656549 2.863871813 0.002378189 0.982075989 -0.023874197 0.186952785
1587739185.100038 1.356606007 0.001731306 2.682575703 0.004321027 0.983005106 -0.018387960 0.182605684
1587739185.200048 1.388009429 -0.000316471 2.603883505 0.002614199 0.983848572 -0.019245515 0.177948102
1587739185.300044 1.416442633 -0.000252128 2.522600651 0.003723946 0.984578192 -0.019436417 0.173824847
1587739185.500036 1.467950821 -0.005901769 2.369865894 0.002849496 0.985985935 -0.019591821 0.165652290
1587739185.600046 1.491584897 -0.007795088 2.291954517 0.003377558 0.986668468 -0.019313099 0.161561295
1587739185.800038 1.553353310 -0.002072938 2.125622272 0.002169644 0.987909973 -0.021742795 0.153482467
1587739185.900048 1.571833372 -0.005188406 2.050652027 0.003094353 0.988438070 -0.022191575 0.149962559
1587739186.000044 1.593080878 -0.005657438 1.966763139 0.004298058 0.989163160 -0.020609025 0.145307049
1587739186.100040 1.616384983 -0.009767309 1.892280340 0.002725937 0.989653289 -0.021789489 0.141793072
1587739186.300047 1.654555678 -0.013562676 1.731067896 0.005215044 0.990170479 -0.023590848 0.137767866
1587739186.400043 1.678327918 -0.017650045 1.649075389 0.004072309 0.990253031 -0.023378307 0.137248486
1587739186.500039 1.700536251 -0.020401623 1.565457344 0.003098591 0.990365922 -0.024021732 0.136345327
1587739186.600049 1.721078873 -0.023523197 1.483055711 0.004073862 0.990345895 -0.024346637 0.136407077
1587739186.700045 1.742065191 -0.025708888 1.397681713 0.003981065 0.990520298 -0.023427038 0.135299996
1587739186.800041 1.766074300 -0.023483582 1.313990116 0.001545933 0.990665793 -0.022395536 0.134455398
1587739187.000047 1.813743711 -0.027757827 1.140156031 0.000972496 0.990894735 -0.018035319 0.133425489
1587739187.100044 1.837448001 -0.029193744 1.048040628 -0.000541332 0.991137743 -0.014301408 0.132068381
1587739187.200040 1.860227108 -0.030688215 0.965678990 -0.000515992 0.991077304 -0.013762284 0.132583395
1587739187.300035 1.878222466 -0.032913171 0.878984213 0.001256007 0.991314232 -0.014560360 0.130709156
1587739187.400046 1.900848269 -0.034645118 0.803000450 -0.000422648 0.991796553 -0.017232092 0.126669005
1587739187.600038 1.937873602 -0.038061589 0.649959445 -0.000899554 0.993034303 -0.021432443 0.115857311
1587739187.700048 1.953141093 -0.039027449 0.570982754 0.000047279 0.993675947 -0.021959187 0.110119075
1587739187.800044 1.969520807 -0.038673725 0.493419617 -0.000004374 0.994224131 -0.022865839 0.104861364
1587739187.900040 1.986980915 -0.040876865 0.417939901 -0.000689473 0.994757056 -0.022535719 0.099755906
1587739188.100047 2.016302824 -0.045250211 0.257411778 -0.002573567 0.995867610 -0.020794390 0.088374317
1587739188.200043 2.030186653 -0.047183443 0.177619874 -0.002338477 0.996291041 -0.020419480 0.083565138
1587739188.300039 2.038943529 -0.051535711 0.097408041 -0.001694810 0.996815741 -0.019547714 0.077295505
1587739188.400035 2.051474333 -0.055446219 0.025512308 -0.002353958 0.997220337 -0.020733297 0.071545526
1587739188.500045 2.058093786 -0.056190006 -0.053058743 -0.000067890 0.997705400 -0.021314695 0.064282626
1587739188.700037 2.076808453 -0.059347656 -0.191485301 -0.001029735 0.998742223 -0.025173083 0.043387238
1587739188.800048 2.079164505 -0.060277149 -0.262731194 -0.000449474 0.999101758 -0.025137367 0.034161326
1587739188.900044 2.085029840 -0.061828971 -0.333469480 -0.002409109 0.999399006 -0.025262052 0.023680776
1587739189.000040 2.091729403 -0.061556496 -0.406326056 -0.004082988 0.999581218 -0.025328832 0.013504136
1587739189.100036 2.088390827 -0.065976277 -0.478919268 -0.002034309 0.999693751 -0.024316888 0.004545146
1587739189.200046 2.085090160 -0.068472013 -0.547686577 -0.000996511 0.999709189 -0.023676764 -0.004880161
1587739189.400038 2.077609301 -0.073493905 -0.685079634 -0.001181922 0.999426425 -0.023729844 -0.024211407
1587739189.500048 2.070499182 -0.079436079 -0.758951783 -0.000777012 0.999135792 -0.023728218 -0.034179054
1587739189.700041 2.055095196 -0.084518865 -0.895980477 0.000766868 0.998345375 -0.024364088 -0.052120529
1587739189.800037 2.046806097 -0.087093487 -0.963086486 -0.000239247 0.997764349 -0.025287610 -0.061895981
1587739189.900047 2.036066771 -0.089627855 -1.034229755 -0.000213413 0.997168243 -0.025021296 -0.070949309
1587739190.000043 2.022065401 -0.089494660 -1.105918884 0.001879676 0.996362865 -0.026092462 -0.081096515
1587739190.100039 2.008199215 -0.090833530 -1.172782898 0.001927976 0.995408595 -0.026862720 -0.091849789
1587739190.300045 1.980688095 -0.094275907 -1.302406907 0.001047456 0.993172646 -0.027419372 -0.113380767
1587739190.400042 1.950892925 -0.104323953 -1.387104511 0.003192479 0.991865754 -0.025178654 -0.124731600
1587739190.500038 1.933963776 -0.105419859 -1.450754404 0.002252018 0.990482986 -0.024741240 -0.135374069
1587739190.700044 1.882000566 -0.116528548 -1.595670700 0.004059476 0.987423480 -0.022858350 -0.156383604
1587739190.800040 1.861398816 -0.116883010 -1.655030847 0.004037383 0.985652387 -0.024516031 -0.166949213
1587739190.900036 1.834080696 -0.120866448 -1.723734975 0.004953398 0.983938813 -0.025337150 -0.176629826
1587739191.000046 1.813220978 -0.119834743 -1.781048894 0.004046858 0.983329058 -0.029201122 -0.179429874
1587739191.200039 1.744392037 -0.121715188 -1.954306722 0.004535965 0.983720124 -0.027411507 -0.177547365
1587739191.300049 1.718411326 -0.120512776 -2.032768726 0.002651081 0.983317733 -0.026411993 -0.179949805
1587739191.400045 1.686883926 -0.121047921 -2.118028402 0.001593280 0.983438015 -0.027440451 -0.179149240
1587739191.600037 1.625438213 -0.130149990 -2.276900530 0.001432163 0.982950389 -0.026577964 -0.181935996
1587739191.700047 1.596166134 -0.132707343 -2.354745150 0.001135400 0.982947826 -0.027084859 -0.181876868
1587739191.900039 1.526901484 -0.122998819 -2.522410631 0.001936302 0.982811332 -0.028126359 -0.182448238
1587739192.000036 1.494107246 -0.127040744 -2.600359917 0.002558643 0.982688010 -0.028571028 -0.183034956
1587739192.100046 1.463007212 -0.122174546 -2.683959484 0.001580120 0.982608914 -0.027594408 -0.183619171
1587739192.200042 1.430012584 -0.124762326 -2.769885063 0.001224643 0.982660770 -0.025295852 -0.183675304
1587739192.400048 1.367712259 -0.116066284 -2.936360836 -0.000985192 0.982735515 -0.022338184 -0.183661193
1587739192.500044 1.328519583 -0.121270202 -3.016363144 0.002235597 0.982605159 -0.022733953 -0.184298158
1587739192.700036 1.266903162 -0.132410422 -3.194973469 -0.002316448 0.982599735 -0.020196052 -0.184621483
1587739192.800047 1.234185338 -0.143476099 -3.272560120 -0.001266251 0.983623981 -0.021724893 -0.178915754
1587739192.900043 1.214170694 -0.130490512 -3.333351135 -0.001573448 0.984739125 -0.021960923 -0.172640562
1587739193.000039 1.185186386 -0.141222075 -3.408417702 -0.000783511 0.985697031 -0.022585090 -0.167006627
1587739193.200045 1.139697790 -0.142730728 -3.551619291 -0.000864472 0.987383842 -0.022643019 -0.156717628
1587739193.300041 1.112148404 -0.152977139 -3.630603552 -0.000306793 0.988231480 -0.022136513 -0.151357993
1587739193.400037 1.089319825 -0.155467048 -3.708786011 -0.001333146 0.988966227 -0.021101927 -0.146627352
1587739193.600044 1.039203405 -0.170926780 -3.871649265 -0.001656687 0.990616798 -0.020039592 -0.135184899
1587739193.700040 1.029443741 -0.158376426 -3.921906471 -0.000849561 0.991289318 -0.019925961 -0.130186871
1587739193.800035 1.006328344 -0.164963380 -4.002952576 -0.000753704 0.991912484 -0.019528866 -0.125413492
1587739194.000042 0.978149295 -0.165817976 -4.124754906 -0.000798577 0.994643152 -0.019568922 -0.101503737
1587739194.100038 0.960266829 -0.172411725 -4.198181629 -0.000714250 0.994865298 -0.023096204 -0.098542675
1587739194.300044 0.924052596 -0.173676372 -4.361008167 0.001883480 0.994918048 -0.022306932 -0.098177567
1587739194.400040 0.902947724 -0.177107900 -4.454437256 0.002802871 0.995196044 -0.019154580 -0.095979571
1587739194.600046 0.888151407 -0.175779998 -4.522634506 0.004016411 0.995367229 -0.017711716 -0.094417907
1587739194.700042 0.888650417 -0.173594236 -4.520015240 0.002383276 0.995111585 -0.023269394 -0.095949873
1587739194.800039 0.893482625 -0.172210902 -4.509457588 0.001997708 0.995019376 -0.022880103 -0.097003795
1587739195.000045 0.889318287 -0.166383386 -4.516319275 0.002435685 0.995114326 -0.020842945 -0.096477710
1587739195.100041 0.894364715 -0.172486275 -4.482159138 0.005706204 0.994968355 -0.015570225 -0.098807938
1587739195.200037 0.913485348 -0.167689949 -4.410787582 0.002285762 0.995144904 -0.019437350 -0.096455656
1587739195.300047 0.936119139 -0.166165739 -4.316406250 0.000767632 0.995215416 -0.021794278 -0.095243171
1587739195.500039 0.970607102 -0.159720048 -4.148776531 0.000531207 0.996652246 -0.020310804 -0.079195365
1587739195.700045 0.989511907 -0.161032051 -4.020212173 0.000685246 0.998225689 -0.019402308 -0.056299131
1587739195.800041 0.999893188 -0.157885298 -3.943500519 -0.000276068 0.998845577 -0.020450378 -0.043477498
1587739196.000048 1.010187149 -0.157659739 -3.804425955 0.001629168 0.999646544 -0.021054287 -0.016182682
1587739196.100044 1.013834000 -0.154800877 -3.733522177 0.002115402 0.999798357 -0.019994471 0.000232181
1587739196.200040 1.011266828 -0.158181980 -3.674380779 0.001859845 0.999663115 -0.021644160 0.014249656
1587739196.400046 1.012330294 -0.151591450 -3.535096884 0.001390306 0.998778045 -0.023164181 0.043648660
1587739196.600038 1.003964663 -0.158617541 -3.408126116 0.000902227 0.996959209 -0.022965560 0.074461050
1587739196.700049 0.995804310 -0.155816302 -3.337639093 0.003124008 0.995728195 -0.023262637 0.089302085
1587739196.800045 0.985721827 -0.160978869 -3.274462461 0.004235635 0.994268477 -0.022986608 0.104327053
1587739196.900041 0.965648055 -0.159146562 -3.198901892 0.003752992 0.992629349 -0.022833670 0.118961349
1587739197.100047 0.929607868 -0.162018731 -3.060468435 0.002064209 0.988521278 -0.022950960 0.149316415
1587739197.200043 0.901910663 -0.160594344 -2.989855528 0.003183620 0.986195028 -0.023297744 0.163911670
1587739197.400036 0.853316486 -0.153306380 -2.862864494 0.003597760 0.980709255 -0.023333382 0.194042712
1587739197.500046 0.821927786 -0.144610867 -2.798819304 0.004027293 0.977708578 -0.024533113 0.208491147
1587739197.600042 0.795404077 -0.146998525 -2.744217157 0.004032760 0.974402905 -0.023294354 0.223562688
1587739197.800048 0.733966649 -0.137779966 -2.622654915 0.002001348 0.967195332 -0.024371007 0.252854794
1587739197.900044 0.697949886 -0.133307666 -2.561844349 0.003162414 0.962951362 -0.026317323 0.268370181
1587739198.100037 0.630234838 -0.124318384 -2.446575403 0.000995434 0.953948140 -0.026613899 0.298787892
1587739198.200047 0.591147482 -0.119598970 -2.391797781 0.000782487 0.949279845 -0.027182728 0.313255042
1587739198.400039 0.514724255 -0.117755949 -2.294501305 0.001548079 0.943609655 -0.029869793 0.329707026
1587739198.500035 0.492900372 -0.114774927 -2.262120724 0.003166410 0.941540062 -0.033990197 0.335168272
1587739198.700041 0.498624325 -0.111501344 -2.270728111 0.000053099 0.944034219 -0.027574198 0.328693628
1587739198.800037 0.500644505 -0.110958338 -2.272395849 -0.000010270 0.944202960 -0.027472574 0.328218132
1587739199.000044 0.490885317 -0.113160789 -2.268311262 0.001188409 0.932606339 -0.025083309 0.360022217
1587739199.200036 0.461749852 -0.115547217 -2.228376389 -0.000892654 0.879588306 -0.024461446 0.475106120
1587739199.300045 0.441468120 -0.101612017 -2.205042839 0.000332438 0.844348729 -0.024324106 0.535242379
1587739199.400042 0.419146359 -0.099265084 -2.187740326 0.000374657 0.805122495 -0.024037855 0.592622161
1587739199.600048 0.372083992 -0.092902251 -2.162113190 -0.001737489 0.714868426 -0.022058601 0.698909163
1587739199.800040 0.316798449 -0.087674722 -2.156637669 -0.000889734 0.611917853 -0.021399088 0.790631711
1587739199.900036 0.292392254 -0.089826852 -2.158375502 -0.001103152 0.556531131 -0.020202443 0.830580771
1587739200.100042 0.236177862 -0.084332012 -2.191508532 0.002050829 0.437046468 -0.017418610 0.899267912
1587739200.200038 0.215719879 -0.086337820 -2.193202019 -0.003094487 0.376422882 -0.017509351 0.926277280
1587739200.400044 0.183541358 -0.084587708 -2.247839928 -0.000726286 0.248439386 -0.010231121 0.968593359
1587739200.500041 0.173527598 -0.089161225 -2.261165380 0.002551723 0.191037729 -0.008243854 0.981544971
1587739200.600037 0.156758249 -0.089049101 -2.235950470 0.002234060 0.150770456 -0.009595732 0.988519967
1587739200.700047 0.154287159 -0.079310693 -2.208470345 0.002154633 0.125768855 -0.010123959 0.992005646
1587739200.900039 0.197012901 -0.070831180 -2.046681643 -0.000928055 0.124794707 -0.009574970 0.992135942
1587739201.000049 0.223647386 -0.070465997 -1.946071744 -0.002674047 0.124342084 -0.008363982 0.992200553
1587739201.100045 0.252345711 -0.070284002 -1.853267193 -0.003457113 0.125134766 -0.006436199 0.992112875
1587739201.200041 0.272912532 -0.069877483 -1.762586355 -0.003967863 0.124688931 -0.007161219 0.992162108
1587739201.400048 0.316284060 -0.056788005 -1.622673512 -0.003915070 0.124573201 -0.006108606 0.992183924
1587739201.500044 0.341001630 -0.056804799 -1.529851913 -0.001485253 0.124375880 -0.005185053 0.992220581
1587739201.600040 0.362757683 -0.057384931 -1.438503742 0.001020289 0.124283403 -0.005595430 0.992230535
1587739201.700036 0.381590664 -0.056876570 -1.344530225 0.003249951 0.124287635 -0.007572271 0.992211998
1587739201.800046 0.404452682 -0.046118341 -1.291996598 0.003995770 0.124035753 -0.005767144 0.992252886
1587739201.900042 0.424786270 -0.046687763 -1.195488334 0.004504026 0.124202445 -0.006417726 0.992225885
1587739202.100048 0.470315933 -0.049078714 -1.000263453 0.004214135 0.124147691 -0.005002841 0.992242157
1587739202.200045 0.492762506 -0.039537527 -0.943751335 0.003882317 0.124945678 -0.006821529 0.992132485
1587739202.300041 0.514775276 -0.040289134 -0.846744955 0.003895141 0.124607354 -0.006183926 0.992179155
1587739202.400037 0.538187027 -0.037891895 -0.770134270 0.002895007 0.124441028 -0.006783268 0.992199421
1587739202.500047 0.561297238 -0.038121868 -0.671496272 0.002569818 0.124522895 -0.005246606 0.992199361
1587739202.700039 0.608722746 -0.035432771 -0.510394692 0.002992419 0.124426626 -0.005224028 0.992210507
1587739202.800035 0.631543934 -0.036507931 -0.412979245 0.002335399 0.124514878 -0.004473407 0.992204845
1587739202.900046 0.651822448 -0.035577513 -0.313211381 0.001060769 0.124983557 -0.005076096 0.992145240
1587739203.000042 0.679082632 -0.032381695 -0.246693373 0.001383383 0.125155181 -0.006300116 0.992116034
1587739203.200048 0.726153731 -0.032859482 -0.061214142 0.002241052 0.125826731 -0.005482841 0.992034435
1587739203.300044 0.747177899 -0.031728178 0.036607295 0.001263560 0.125828341 -0.005153996 0.992037773
1587739203.400040 0.778277934 -0.033849623 0.101653650 0.001054114 0.128281236 -0.005973882 0.991719544
1587739203.500037 0.799284458 -0.033813301 0.187731266 -0.002985440 0.144784436 -0.006277171 0.989439011
1587739203.700043 0.837845445 -0.037213080 0.305970818 -0.000689796 0.216696173 -0.008151536 0.976204932
1587739203.900049 0.886857748 -0.037450057 0.406706125 0.000013271 0.309118629 -0.010121990 0.950969815
1587739204.000045 0.914963841 -0.036994092 0.449184239 0.000805264 0.358359098 -0.011560018 0.933512092
1587739204.100041 0.944295287 -0.035520695 0.487128973 0.000383692 0.412735283 -0.013637095 0.910749018
1587739204.200037 0.970267177 -0.035209373 0.520112395 0.000704541 0.471836239 -0.016673503 0.881528437
1587739204.400043 1.029902935 -0.045285732 0.507565439 0.000351536 0.587777078 -0.016726475 0.808850467
1587739204.500040 1.057052732 -0.045593724 0.520487785 -0.000088931 0.642156065 -0.019201666 0.766333997
1587739204.700046 1.109565139 -0.049908735 0.535972595 -0.000967317 0.738965094 -0.020724421 0.673425019
1587739204.800042 1.133576155 -0.050822474 0.535491824 -0.001138565 0.783957899 -0.018688943 0.620532572
1587739204.900038 1.150830269 -0.049846515 0.540943861 -0.000958548 0.823090374 -0.022172121 0.567478061
1587739205.100044 1.189290524 -0.059600145 0.482483566 0.000670596 0.892190933 -0.022591501 0.451092929
1587739205.200041 1.204435349 -0.059691500 0.459664673 -0.000130490 0.921117842 -0.020577867 0.388740122
1587739205.400047 1.222709298 -0.055898853 0.417839468 -0.002192500 0.965449929 -0.025226114 0.259356290
1587739205.500043 1.223438382 -0.055433914 0.376590848 -0.002868781 0.978697717 -0.026244739 0.203602463
1587739205.600039 1.222646475 -0.056337234 0.321433127 -0.000311144 0.986953080 -0.024757931 0.159093544
1587739205.800045 1.233682871 -0.058869507 0.199841678 0.000422742 0.993869841 -0.021009116 0.108542845
1587739205.900042 1.247761726 -0.059198167 0.139394119 -0.001477537 0.995694876 -0.020587159 0.090366140
1587739206.100048 1.260814190 -0.059140377 0.019291885 -0.001263632 0.998239100 -0.021473426 0.055281550
1587739206.200044 1.262660503 -0.060961936 -0.047616266 -0.000011220 0.999059498 -0.021068372 0.037898067
1587739206.300040 1.265698433 -0.062634945 -0.113456741 -0.000635612 0.999553919 -0.021419710 0.020801403
1587739206.500046 1.266011953 -0.066985182 -0.253509641 -0.001004560 0.999680400 -0.024489289 -0.006204552
1587739206.600042 1.260449290 -0.068948001 -0.330778539 -0.002334111 0.999689102 -0.024530552 -0.003844178
1587739206.700038 1.263439536 -0.069913626 -0.427148730 -0.004045845 0.999733508 -0.022578210 -0.002603213
1587739206.900044 1.256620526 -0.072352298 -0.612699866 -0.000515577 0.999747038 -0.022205545 -0.003546816
1587739207.000041 1.254014015 -0.074760497 -0.700222015 -0.000689899 0.999733031 -0.022746900 -0.004040360
1587739207.100037 1.252913594 -0.075622506 -0.792420566 -0.000687120 0.999737084 -0.022342432 -0.005138003
1587739207.200047 1.248769164 -0.078769326 -0.882194698 0.000377327 0.999739408 -0.022437468 -0.004234089
1587739207.400039 1.242504954 -0.079329446 -1.061779499 0.001525615 0.999697685 -0.024145350 -0.004420971
1587739207.500035 1.240812182 -0.083183810 -1.157530427 0.002181684 0.999729037 -0.022414505 -0.005898721
1587739207.600045 1.239434123 -0.083365165 -1.248809457 0.001321936 0.999730527 -0.022399504 -0.005960339
1587739207.700041 1.241168857 -0.084051616 -1.341838002 -0.000613265 0.999738634 -0.021910800 -0.006524267
1587739207.900047 1.230588555 -0.090814888 -1.516196370 0.001846656 0.999659657 -0.025298590 -0.006111379
1587739208.000044 1.231623054 -0.092380896 -1.605199099 0.001877228 0.999585450 -0.027926924 -0.006774641
1587739208.100040 1.227109075 -0.096250005 -1.691513658 0.002311425 0.999534130 -0.029595150 -0.007132728
1587739208.300046 1.225362420 -0.099433377 -1.872246146 0.001186438 0.999483407 -0.031091673 -0.008052696
1587739208.400042 1.222466588 -0.103173651 -1.962931871 0.000919266 0.999527931 -0.029722909 -0.007724624
1587739208.600048 1.216707468 -0.109147102 -2.147862673 0.002414515 0.999544203 -0.028830400 -0.008625855
1587739208.700044 1.214602470 -0.113121673 -2.235253572 0.001843896 0.999552846 -0.028651742 -0.008361543
1587739208.800040 1.215259075 -0.112790935 -2.329733610 0.000772797 0.999570787 -0.027920451 -0.008848534
1587739208.900036 1.209716320 -0.118116558 -2.415879726 0.001554196 0.999541163 -0.028907999 -0.008918611
1587739209.100043 1.209117293 -0.121634699 -2.597646475 0.000482993 0.999554932 -0.028368233 -0.009216774
1587739209.300049 1.198803544 -0.134251699 -2.779008389 0.002132790 0.999653876 -0.024354784 -0.009721174
1587739209.400045 1.199910641 -0.133299083 -2.871980667 0.001248731 0.999665260 -0.023816168 -0.010039012
1587739209.500041 1.196766138 -0.138370305 -2.958876848 0.001420060 0.999672651 -0.023518203 -0.009982459
1587739209.600037 1.196642637 -0.141420126 -3.050729990 0.000902953 0.999695778 -0.022378098 -0.010344133
1587739209.700047 1.196863413 -0.143386334 -3.140551329 -0.001486690 0.999679565 -0.022593491 -0.011325778
1587739209.900040 1.194668412 -0.149799213 -3.311105728 -0.002070991 0.999657691 -0.023990298 -0.010238608
1587739210.100046 1.195994616 -0.151176319 -3.492243528 -0.003355638 0.999680459 -0.022822386 -0.010354849
1587739210.200042 1.195939541 -0.152758226 -3.579832077 -0.004126503 0.999707460 -0.021834016 -0.009560414
1587739210.400048 1.193440199 -0.153927028 -3.691157579 -0.004512204 0.999148786 -0.019848069 0.035882086
1587739210.500044 1.203095436 -0.150933370 -3.722004890 -0.005223711 0.997302890 -0.018873533 0.070735455
1587739210.600040 1.204836607 -0.149747297 -3.738385201 -0.003216513 0.993302643 -0.020372562 0.113685749
1587739210.800047 1.197107553 -0.145557016 -3.739943981 -0.001443715 0.973291755 -0.020503979 0.228650123
1587739210.900043 1.190987706 -0.141503692 -3.728369236 -0.002701240 0.956453204 -0.019744061 0.291205436
1587739211.100035 1.169610620 -0.132893667 -3.700962782 -0.001985425 0.908263624 -0.017520025 0.418026507
1587739211.200045 1.159240246 -0.127229363 -3.685646057 -0.001295376 0.877751529 -0.018491149 0.478757560
1587739211.400037 1.129536986 -0.126579657 -3.667481661 0.001127601 0.806762815 -0.016891269 0.590632915
1587739211.600044 1.093953013 -0.122026592 -3.655427456 0.001495786 0.720511734 -0.014873038 0.693282425
1587739211.700040 1.072150230 -0.131208867 -3.640770435 -0.002729001 0.673732340 -0.014144027 0.738835692
1587739211.900046 1.058325171 -0.150379136 -3.608395576 0.000964321 0.598247707 -0.013101912 0.801204026
1587739212.000042 1.085198402 -0.159986600 -3.578420877 0.001804281 0.573631048 -0.013683478 0.818997920
1587739212.200048 1.221290112 -0.138571635 -3.524511099 0.000923506 0.564692974 -0.011150295 0.825225472
1587739212.300044 1.305864334 -0.143999591 -3.488813162 -0.000595696 0.561279714 -0.010062003 0.827565074
1587739212.400040 1.385130167 -0.148616254 -3.453425407 0.001686789 0.559131503 -0.011731639 0.828994572
1587739212.600046 1.560289502 -0.157661602 -3.374188900 -0.000064386 0.559987545 -0.011941815 0.828415215
1587739212.700042 1.644852161 -0.161539450 -3.334280014 -0.002241517 0.556383729 -0.010607426 0.830855012
1587739212.900048 1.733705044 -0.131967813 -3.280045509 -0.001398183 0.512460113 -0.010354792 0.858648241
1587739213.000045 1.763348699 -0.137445852 -3.257421970 0.001552218 0.482306957 -0.009000753 0.875955403
1587739213.100041 1.789326429 -0.142358005 -3.224887371 0.000207703 0.453789860 -0.009190650 0.891061962
1587739213.200037 1.807200909 -0.126928121 -3.205781460 -0.000131201 0.419006258 -0.008982992 0.907939076
1587739213.400043 1.829328299 -0.122732803 -3.162696362 -0.001128202 0.338841081 -0.007383073 0.940814197
1587739213.500039 1.833033085 -0.122281417 -3.156089544 0.001403465 0.287389457 -0.004446351 0.957802713
1587739213.700046 1.824784636 -0.116436146 -3.147722483 0.003788228 0.175988406 -0.002867703 0.984380901
1587739213.800042 1.817668915 -0.114904761 -3.140975237 0.001976789 0.120435677 -0.002465816 0.992716193
1587739213.900038 1.813145638 -0.114199549 -3.139752388 0.002951264 0.063292682 -0.000400044 0.997990668
1587739214.100044 1.803303719 -0.116480581 -3.144834042 0.002754155 -0.050246704 0.002564114 0.998729885
1587739214.200040 1.801816225 -0.116150662 -3.150162458 0.003700664 -0.106140107 0.003985344 0.994336486
1587739214.300036 1.799091220 -0.116618618 -3.152066469 0.005871939 -0.158943713 0.006255565 0.987250566
1587739214.400046 1.791740417 -0.116143279 -3.150348902 0.004020140 -0.210895628 0.005804118 0.977483213
1587739214.500042 1.793810010 -0.113955319 -3.150196314 0.007158830 -0.263959050 0.008670250 0.964468479
1587739214.700049 1.793472171 -0.116293736 -3.157009125 0.007996938 -0.364737779 0.012927028 0.930986404
1587739214.800045 1.780768156 -0.115082450 -3.157776356 0.007559012 -0.408101112 0.010301228 0.912847221
1587739214.900041 1.767571926 -0.116071455 -3.148178339 0.012325258 -0.437491119 0.016179984 0.898992658
1587739215.100047 1.653120875 -0.116162419 -3.067557812 0.009581023 -0.448784798 0.014904355 0.893464327
1587739215.200043 1.573456883 -0.113627076 -3.004300594 0.006169157 -0.448201507 0.012054396 0.893830240
1587739215.300040 1.499148250 -0.112203717 -2.944442749 0.003761254 -0.446940124 0.011146193 0.894486845
1587739215.400036 1.426871300 -0.108726472 -2.889409304 0.004310176 -0.444695294 0.009086737 0.895625830
1587739215.500046 1.363180637 -0.114090562 -2.841781139 0.003125044 -0.443030745 0.011389292 0.896428704
1587739215.700038 1.218415260 -0.112433083 -2.725110531 -0.000575508 -0.437770098 0.008070251 0.899050653
1587739215.800048 1.146965861 -0.109330386 -2.660655022 -0.002466133 -0.434459865 0.008518754 0.900647640
1587739216.000040 1.015233517 -0.109700494 -2.547826767 -0.004295846 -0.429338425 0.007263328 0.903104365
1587739216.100036 0.945582926 -0.105097502 -2.484540462 -0.005653460 -0.425579846 0.007795325 0.904869735
1587739216.200047 0.883756578 -0.108156346 -2.427653313 -0.008919565 -0.418622017 0.006228069 0.908095658
1587739216.300043 0.821994066 -0.102838479 -2.376790047 -0.007893329 -0.391593367 0.005254577 0.920089781
1587739216.500049 0.737944245 -0.099395953 -2.296234369 -0.006686043 -0.311163992 0.000676907 0.950332463
1587739216.600045 0.711519063 -0.097483382 -2.259992123 -0.005228058 -0.261337906 -0.000012702 0.965233266
1587739216.700041 0.693234086 -0.095508039 -2.225348234 -0.004464951 -0.209813848 -0.002358210 0.977728486
1587739216.900047 0.673605680 -0.092061147 -2.163286209 -0.002962735 -0.106253259 -0.005996879 0.994316757
1587739217.000044 0.676337838 -0.091209471 -2.124265194 -0.006172972 -0.054016568 -0.004716979 0.998509884
1587739217.100040 0.671357572 -0.087608501 -2.095133543 -0.003221637 -0.001946500 -0.008226834 0.999959111
1587739217.200036 0.680560112 -0.082794383 -2.054641247 -0.004473090 0.049769044 -0.008055689 0.998718262
1587739217.400042 0.702954412 -0.081379585 -1.983558178 0.000053339 0.130027145 -0.012668179 0.991429687
1587739217.500038 0.738461137 -0.081710361 -1.924935102 -0.000546846 0.144999534 -0.008253220 0.989397287
1587739217.600048 0.753609598 -0.075718857 -1.849892378 -0.002936146 0.152135238 -0.011513179 0.988288403
1587739217.800041 0.797286153 -0.066097558 -1.711568594 -0.002380762 0.170509741 -0.012609452 0.985272586
1587739217.900037 0.822484374 -0.077803463 -1.651110291 -0.003721777 0.179510996 -0.011811718 0.983678102
1587739218.000047 0.846800685 -0.074315771 -1.583916903 -0.004759370 0.188012883 -0.011732809 0.982085049
1587739218.200039 0.901215315 -0.068715490 -1.454883218 -0.004474669 0.204971448 -0.009676846 0.978709996
1587739218.300035 0.929672122 -0.084363803 -1.390013814 -0.005753811 0.215461090 -0.010211319 0.976442277
1587739218.400046 0.954277396 -0.081134737 -1.334241390 -0.003980855 0.235386059 -0.011373858 0.971827447
1587739218.500042 0.980730116 -0.078148454 -1.283777475 -0.001812615 0.251997292 -0.012459207 0.967646182
1587739218.700048 1.034881115 -0.094673127 -1.176680446 0.000500974 0.286048740 -0.014039992 0.958112121
1587739218.800044 1.066241860 -0.098284058 -1.125470638 -0.000568339 0.305070192 -0.012693908 0.952245116
1587739218.900040 1.088601828 -0.093614355 -1.081993341 0.000505527 0.325668633 -0.016092790 0.945346951
1587739219.100046 1.157788396 -0.094183512 -1.002451658 0.000721791 0.377519071 -0.016154036 0.925860703
1587739219.200042 1.191280246 -0.086940199 -0.978804529 0.001458880 0.404231846 -0.016937297 0.914498627
1587739219.300038 1.228471756 -0.079724140 -0.957562625 0.001791216 0.429932177 -0.017106608 0.902697384
1587739219.400048 1.269371271 -0.072899535 -0.938455641 0.001478491 0.456728309 -0.016904784 0.889444470
1587739219.600041 1.358798981 -0.060941242 -0.907539845 0.000488149 0.508645594 -0.017432535 0.860799432
1587739219.700037 1.408178329 -0.089146115 -0.852059722 0.001067257 0.533573627 -0.018585617 0.845548689
1587739219.800047 1.457642198 -0.089636624 -0.838665843 0.001153398 0.558078229 -0.017604986 0.829600990
1587739219.900043 1.501321197 -0.088416964 -0.822467685 0.001428799 0.582678914 -0.020437727 0.812444329
1587739220.100035 1.593209147 -0.086639099 -0.800367355 0.000198056 0.641126752 -0.022316199 0.767110825
1587739220.200045 1.636931658 -0.085650370 -0.796988606 -0.000945092 0.671047091 -0.021130906 0.741113126
1587739220.400037 1.635386109 -0.083289251 -0.777943134 -0.004336809 0.700949967 -0.021176580 0.712882996
1587739220.500047 1.582018733 -0.083702669 -0.779242337 -0.003390996 0.710276723 -0.020885011 0.703604639
1587739220.600044 1.505634546 -0.083751544 -0.782594681 0.000306771 0.715193868 -0.021308905 0.698601246
1587739220.800035 1.364189506 -0.078847528 -0.776410341 0.002646599 0.729618788 -0.022555472 0.683477581
1587739220.900046 1.294021606 -0.078245908 -0.771087229 0.004854665 0.738263130 -0.023592096 0.674083292
1587739221.100038 1.200430870 -0.073234975 -0.765431404 0.001929246 0.766415060 -0.020148521 0.642027318
1587739221.200048 1.155325413 -0.072063431 -0.759944260 0.001096467 0.779212236 -0.019141996 0.626467347
1587739221.300044 1.114215374 -0.075484976 -0.756527603 0.001597830 0.791520476 -0.019830273 0.610819459
1587739221.500036 1.030323982 -0.079301648 -0.729961574 0.002471103 0.815581739 -0.019406270 0.578311443
1587739221.600046 0.982167721 -0.082201056 -0.703571796 0.000888057 0.826722860 -0.019849045 0.562259436
1587739221.800038 0.885579526 -0.092830047 -0.642558455 0.000752540 0.848376751 -0.019710399 0.529026449
1587739221.900048 0.830904484 -0.100515433 -0.616151154 0.000613575 0.859522939 -0.017709306 0.510791659
1587739222.100041 0.707699955 -0.108513042 -0.535618842 -0.000585612 0.879843473 -0.019075694 0.474880457
1587739222.200037 0.647422016 -0.113176361 -0.491975307 -0.001226172 0.888480961 -0.019817777 0.458484113
1587739222.300047 0.590843618 -0.118949302 -0.451049149 -0.002120115 0.898314953 -0.017610637 0.438993871
1587739222.500039 0.476079226 -0.129318729 -0.351868570 -0.003758811 0.914170802 -0.017397510 0.404938430
1587739222.700046 0.378432304 -0.126629949 -0.263073504 -0.003883159 0.929575741 -0.016879749 0.368224382
1587739222.800042 0.327767193 -0.123020418 -0.212809458 -0.003839591 0.936549723 -0.018971428 0.350000143
1587739223.000048 0.237132579 -0.114396825 -0.110469304 -0.004921509 0.949599862 -0.018997535 0.312849909
1587739223.100044 0.201759398 -0.106547184 -0.060529634 -0.005404956 0.955584705 -0.020191040 0.293974489
1587739223.200040 0.170948207 -0.105263554 -0.012807541 -0.004543595 0.960995257 -0.019298945 0.275853753
1587739223.400047 0.113901280 -0.104791731 0.078642264 -0.002836269 0.971242428 -0.018820789 0.237330630
1587739223.500043 0.090280451 -0.104163855 0.129585996 -0.003707332 0.975654781 -0.020662148 0.218305543
1587739223.700035 0.036514245 -0.105552472 0.259248257 -0.003696320 0.980047107 -0.026821503 0.196913615
1587739223.800045 0.010810338 -0.098070055 0.314419001 -0.003730342 0.981360137 -0.030022761 0.189782202
1587739223.900042 0.009651102 -0.096789256 0.319534838 -0.003782014 0.981301904 -0.025517762 0.190738752
1587739224.100048 0.014548011 -0.077953011 0.327211112 -0.004275164 0.980620146 -0.024228474 0.194368243
1587739224.200044 0.019586273 -0.069055490 0.330476820 -0.005077118 0.979999006 -0.024290649 0.197449639
1587739224.300040 0.018393189 -0.062517926 0.342672437 -0.003271559 0.974750519 -0.024214292 0.221955851
1587739224.500046 0.015570253 -0.046870604 0.392504752 -0.003511942 0.939682305 -0.021666151 0.341344237
1587739224.600042 0.006393000 -0.039469864 0.415848136 -0.004200958 0.918871999 -0.020463860 0.394002736
1587739224.700038 -0.012531444 -0.034201734 0.441724420 -0.000367533 0.896097183 -0.022469793 0.443288982
1587739224.900044 -0.041084975 -0.020776872 0.491436034 -0.000134117 0.840820849 -0.021090185 0.540904582
1587739225.000041 -0.051221222 -0.013360756 0.519632995 -0.005022070 0.807817161 -0.020181395 0.589066923
1587739225.200047 -0.096155554 0.001757818 0.550321996 -0.001834887 0.733293176 -0.017181022 0.679693699
1587739225.300043 -0.116016015 0.009547196 0.561833680 -0.004267545 0.692635834 -0.014989667 0.721119046
1587739225.500035 -0.163698092 0.023615062 0.569575429 -0.005426251 0.607419431 -0.013179868 0.794253707
1587739225.600045 -0.194727570 0.034039941 0.569485724 -0.001146135 0.562116325 -0.012877439 0.826957405
1587739225.800038 -0.237073645 0.039707948 0.543223143 -0.002939768 0.465811044 -0.010733726 0.884814441
1587739225.900048 -0.269041955 0.049116205 0.538079023 -0.001280211 0.413823426 -0.008817719 0.910313785
1587739226.100040 -0.316799998 0.049989436 0.488269717 0.001020330 0.309289426 -0.006908659 0.950942516
1587739226.200036 -0.347198278 0.057947297 0.473479033 -0.000509382 0.255875677 -0.006093828 0.966690481
1587739226.300046 -0.376384854 0.065228365 0.451303720 0.001465668 0.201947212 -0.004834275 0.979383528
1587739226.500039 -0.385228336 0.058149245 0.378788948 0.000212640 0.091375500 -0.001727307 0.995815098
1587739226.700045 -0.386365563 0.062385343 0.311663628 -0.000742172 0.000301141 0.000365482 0.999999642
1587739226.800041 -0.378349841 0.062249396 0.265097499 0.005939569 -0.031560209 0.004181752 0.999475539
1587739227.000047 -0.384573817 0.068844259 0.264921546 0.003668201 -0.029133121 0.002216451 0.999566555
1587739227.100043 -0.385234863 0.072058782 0.264646322 0.002909714 -0.033627175 0.001837190 0.999428809
1587739227.300035 -0.379752308 0.071442440 0.267382979 0.002545789 -0.032298569 0.001829280 0.999473393
1587739227.400046 -0.378665477 0.072309121 0.268662453 0.002530182 -0.032311570 0.001906435 0.999472797
1587739227.500042 -0.379032880 0.073004797 0.269162834 0.002487298 -0.032270182 0.001921966 0.999474287
1587739227.700048 -0.378645509 0.073725440 0.270428210 0.002535721 -0.032261074 0.002114452 0.999474049
1587739227.800044 -0.378464967 0.073979884 0.268910229 0.002524261 -0.032256324 0.002286967 0.999473870
1587739227.900040 -0.377641350 0.074499853 0.272214413 0.002500827 -0.032270510 0.002154491 0.999473691
1587739228.000036 -0.377370179 0.074135341 0.269867629 0.002502975 -0.032228809 0.002253485 0.999474883
1587739228.100046 -0.377657235 0.074636184 0.273033768 0.002451947 -0.032275029 0.002260609 0.999473453
1587739228.200042 -0.377206415 0.073363289 0.271139503 0.002429212 -0.032340292 0.002346204 0.999471247
1587739228.400048 -0.377791196 0.074373968 0.273425221 0.002405380 -0.032263301 0.002362122 0.999473810
1587739228.500045 -0.377285808 0.072755791 0.270823807 0.002346839 -0.032304842 0.002437645 0.999472380
1587739228.600041 -0.376667231 0.070968091 0.267827630 0.002342383 -0.032296404 0.002439852 0.999472678
1587739228.700037 -0.377879709 0.073948622 0.272924334 0.002404826 -0.032265585 0.002331231 0.999473810
1587739228.800047 -0.377376556 0.072327517 0.270343840 0.002349076 -0.032290552 0.002421460 0.999472916
1587739228.900043 -0.376749903 0.070546523 0.267478436 0.002285712 -0.032275945 0.002464023 0.999473393
1587739229.000039 -0.377799064 0.073295482 0.271852851 0.002353930 -0.032238133 0.002383621 0.999474585
1587739229.200045 -0.376526237 0.070138417 0.266375363 0.002271464 -0.032206144 0.002542417 0.999475420
1587739229.300041 -0.375740677 0.068385370 0.263295412 0.002204285 -0.032230459 0.002586978 0.999474645
1587739229.400038 -0.377561420 0.072064050 0.269424587 0.002322316 -0.032228846 0.002501976 0.999474764
1587739229.500048 -0.376605392 0.070133179 0.265943050 0.002244861 -0.032202866 0.002502072 0.999475718
1587739229.600044 -0.376669228 0.069950245 0.265100807 0.002298062 -0.032204624 0.002534914 0.999475479
1587739229.700040 -0.376143992 0.068756469 0.262679368 0.002198425 -0.032239258 0.002587833 0.999474466
1587739229.900046 -0.376749963 0.069916695 0.264608651 0.002232153 -0.032236494 0.002556247 0.999474525
1587739230.000042 -0.376517206 0.069400728 0.263422966 0.002205282 -0.032221206 0.002570305 0.999475002
1587739230.100038 -0.376261950 0.068907611 0.262106985 0.002181030 -0.032254692 0.002560570 0.999474049
1587739230.200049 -0.375958681 0.068408780 0.260794044 0.002160049 -0.032245468 0.002583367 0.999474287
